//abc
0.5, 0.5,- 0.5, 
-0.5, -0.5, 0.5, 
0.5, -0.5, 0.5, 
//cda
0.5, -0.5, 0.5, 
0.5, 0.5, 0.5, 
0.5, 0.5, -0.5, 

//dcg
0.5, 0.5, 0.5, 
0.5, -0.5, 0.5, 
0.5, -0.5, -0.5, 
//ghd
0.5, -0.5, -0.5, 
0.5, 0.5, -0.5, 
0.5, 0.5, 0.5, 

//gfe
0.5, -0.5, -0.5, 
-0.5, -0.5, -0.5, 
-0.5, 0.5, -0.5, 
//ehg
-0.5, 0.5, -0.5, 
0.5, 0.5, -0.5, 
0.5, -0.5, -0.5, 

//bfe
-0.5, -0.5, 0.5, 
-0.5, -0.5, -0.5, 
-0.5, 0.5, -0.5, 
//eab
-0.5, 0.5, -0.5, 
0.5, 0.5, -0.5, 
-0.5, -0.5, 0.5, 

//ead
-0.5, 0.5, -0.5, 
0.5, 0.5, -0.5, 
0.5, 0.5, 0.5, 
//dhe
0.5, 0.5, 0.5, 
0.5, 0.5, -0.5, 
-0.5, 0.5, -0.5, 

//bfg
-0.5, -0.5, 0.5, 
-0.5, -0.5, -0.5, 
0.5, -0.5, -0.5, 
//gcb
0.5, -0.5, -0.5, 
0.5, -0.5, 0.5, 
-0.5, -0.5, 0.5;
